0100111111110000000000101110100011011011110000110101001001111101000110011111011100111010001111110010 1
0110011011110001111110001000001110011110011100110100001100011101100100001101111111010000000110001101 1
1110100101110111111101101100110101111101010001011011110011010001001101100110101011110110000110000011 1
1101000011100100011101001110111100011110100111010100010001111100111111010100011001101111011101111101 1
0000000000100101001101100000101000101110110001010110010110110110010010010111000001001110110011110011 1
0001111111011111100011011110000100110010011101001100100001100000101111000100101001111011110011011001 1
0001110101110111111100000111111111011010111010110101110101011010000011011011001001100011000111110011 1
1010111111010101111010111101010010010110001100111111100100100001001111110011001011101110111100001110 1
1010000101100111111100111101111111111101010110001101111010010011110100111100000010100001111110010101 1
0001010010101101101100100000011101011101011001000001101101110111100110110000111111010111101000100111 1
1001011001000001111101111110000111111011010100000101000001101111000001011101000000110101110101000000 1
0011100111011001001110110110111110000101110011000111011010110111001111011100001001110101111111001011 1
1011001100101111001101011110011100101101111000111100000110000101011010010001101011001100011101100101 1
1100010011110110011101110001110101001100001111110111101111110101011011011111110001000001110010000011 1
0000011111000110100011110011110011101000011011001000011011010001011100010101001010010011000110101101 1
0011010111010011101001111111111010110001111000101101001010010101000000011010010000100111111110010000 1
1001001111010000100000101101101000011011010110011000111011101010110100100000010110011111110101011100 1
1101101101111110010101000101100000001100010010001111001111110001000011111100011111111101011001010001 1
1111111010010011100001110000011111000011001101010001110111110111011101010001010001111101000101111100 1
1011100101001001011011000000111111000110110100011011111101010010011011111111101011110100111011010100 1
0111110100010101011010001011111111110100000011110010111101110101010101111101000010001111010010110000 1
1100111000111000100101011010111111010001000000011010110011011101000100011100110101011111111011011111 1
0100011111101111101111110100011110111011111100010101001001101111110010001111000111001011110100010100 1
0111100110111111011010010001100101110000111111111111110111010010111111111001101010001000000111011011 1
1111100011110111011101100011100011010100100111011111110110110110011101001111111000011001001101111010 1
0000100111111000110111011110111010010000111100011010011100001101001101010111110000010111000100001110 1
1100011001111101101100111111011110000110100110111010111010101100011111010001111101111101110000100101 1
1110000011001001011101110010100011011011001101011001001010000011011001011100111110101111100000110011 1
0011010001001111100011000011100101101100011010110101110001111001001101111100100100001110101111011001 1
0001111110111110010111101000110101100011111101110111101101010100010101000000110101111000110011111111 1
1110110111000110110001100010100111010010101111000001111111111101000010110111100000111100010100001110 1
0011010100011110111010000110110011011101111111010100101111110101000101110001111101101101101000010111 1
1111111001101111111101110001011111111011011110011100001100101110110000010111010011001111011111111111 1
0010010100011100111100110010011110001010110011000100111101001100000001111111111110111000000110011110 1
0110011100111011110010111100100101000101101111100011110111111000010111100111111001111111111100110111 2
1100011110101110011100110011001110011111001010011111000111001000110010010001111101001111101110010100 2
1011010111100010111011011111011110110110111111111111011001001111000000001110111111001101110111111100 2
1111000111110000111011111100010001001011111111010111110111011100100101100011001011010100111111011010 2
0100000010110000000000011000000000010101011111011101110111010111000100000100010010011111010010000110 2
0011011100001011010000111011000101011111000000001100011011110000111000101111000111010000010100000100 2
0111111101101010000100101101001111010111110111111111111111110110011101000111111101011101011101110100 2
1111111010010011101010001000100010111101111110111100001000101111100110111011010101101011000111011100 2
0000001011111111111100111100111101011010110000111111001101011110111111010010110010000011100100000010 2
1110111101010101010011111000100101010100011001000010001111011001001100110100000100110110101100110011 2
1001011111110111111111111100011111000111100010101011010001001111011101001101010101000000100111101111 2
0111111111111101110001111100110001011000011011001101000101000011101111001110110101011110110011001000 2
0111000110000000110111111100101010010111010111011001011110111100010000011111010111111000111010110011 2
1111100011111111101111110000110111111101111101011101010001110101000011001101101100110110100111101010 2
0010110100100111110111010111011111111011111000001100010110011100001111000111110110001001111000000000 2
1011011000000110001101111001111100111101110110111101001101111000111001110100000001011111011010111100 2
1111000100110000110000111100011111011010111101111000010011001111010110010011011001010010010110101101 2
1100111011111101111011110001110111100010100001111111010101000111110100001001001111001000111011110101 2
0111011111111100101111111111101101100111001100101010110001110111001011001000100110010011110001111101 2
1011101111111111101110111011011110001101001011100010111110000101110000111101010100111101011111010110 2
0001111000111101010000010010100111000110111101110011001100101010110001100001000111000111011101110001 2
1101110001110001001111101101111101000011101101011100111101000011110100011111011111110111000111010111 2
0101011111101100101110110011011100011110011100011101001101001011001011000011010011011011011111010110 2
0101011111110100111111101101100110101110010101111111111100011000000100000110001110010000011010011011 2
0110011101110101001001110101000110010000001001110101001101110010001011000001110010000111100000001000 2
0011110100101100000011111110011001001100000100011111011111001100110001111110111000001001100001011001 2
0101101111111001111101101110000101110001101001010001011111001100111011111100000111000011000101010011 2
0101111011011101111001010110100111010000000101100001001011010101111111010011110000011000010011111101 2
0110111111001001001101101111110011010101000001111101100111101111011010100100111011000111110010010111 2
0110001100000111001001111111100001101110000101111111111100010110011001111001100111100111001100011111 2
1111111101010100001101111100001111101000100001111100010011000110101110001001011111110110000001111100 2
0111110000011100110111100000010100110000010100110001101101100000010001011101111111011110101100111010 2
0011011110100111111111000110111100010110110001001110001000001110111000111000100001001111111100011101 2
1110100110010111111111110000010000010111111011111110101100010111111111110100000110010111010111000101 2
1110111001111111011110010000001010010100010010011011111011011101101011111001000101011110100011110100 2
1011101010111101111100001011001111101010010011011101000111101001101111011110110101011001100111110100 2
1001010101001011000011011100001111011100110111100101010000101100110000110011110110100101110011010011 2
1110100000010101111011000011100101010001111001101011010100111001110011111110111011100000100111110100 2
1001000011110111101011010100111001000001001100111000001101100110010101010111101011011010100000001100 3
0111111110010011010000000011001110110110000111010110110101011100011011110100100101010110111010010110 3
0111110010010110110100000000100100001110111011000001000010110101011100000101010111110011101001011000 3
0011111110110101110011110010101100110110000011101000001111100001000100011110011001110111000001001000 3
0101000011100010000000111010001000111110000001010100010011001100101010111011101100000101011100010100 3
0111101010100011000000111111001100000011010000101011010111000010100010110111011101011110101001000111 3
1111000011010111000111001011000110000101000101000011110010000111011100110110011100010011101011001001 3
1000000011100010110010000000011100001101001010100111001100110011011110111001110110111001000001110110 3
1011010111000100000100001000101111001000011000100011001101011111110101111000101010010000110110110000 3
0011100101001010001110110100100101111100000101001010000110100100101001000000000011101100011010001101 3
1101011110000010100000011110001100100011111100010001010101100000010000110100011110001110001001110000 3
0011001100111100001000101011000001001100001101010000110111101000010110111110010010010011000111011011 3
0011011111101110101100000010101101100110110001000100100001010011010010001100000011101010110111001011 3
0111010001001111101011110110111011111001011011010011100110100001010011100011010100110011110111000011 3
1111100111000000010111100000010011001101000111000000100000001100100001011000100111010000110110101101 3
1100111011100011001001000100101001110111001101000001101111011011111011110011010100001000010111100101 3
1000110110101000000100011110000111111100110100110111100111111100001100111100110000011001011001001110 3
1101100010001111110011101100100001000000000010000001110111110000001100011101110100111111011011010010 3
0011001011011010000001001100100011101010010111110110001110100101011100110101011001111001100000010111 3
0010100010011100000101010011110010110010100101111100100010111001001111001101110010011110000111001011 3
1011100110001100110000001001001111010001100111011101111101001001011100001110000101001001011011000000 3
0110111110110011010000001000110000011000101111011111000101111011000111110011000111101000100110010101 3
0010110110001010001011010011111000100011011010010111000001011111000111100001111101110101011011000110 3
0100000010001011001101011011010101101010111000111110010010100011000010110000110001011101011110100001 3
0011000100100110110101001011101110000000110000100001011101001011101001110100010110001011000000000001 3
0110111100111101101101110101111000100001000100010100010011100010101111000111100010000011101100110011 3
1001010111001000001100011010101001101010000000100111101000101101100101011011110011010001101111000000 3